local __ld_k=63
local __ld_b={
83,47,34,35,47,100,35,51,41,43,61,35,36,34,109,17,16,35,53,55,48,124,33,122,60,113,121,54,52,63,60,50,127,19,92,25,30,68,3,9,
21,72,0,87,90,64,78,26,79,20,30,82,0,47,28,43,74,11,13,8,18,18,26,80,28,232,224,240,171,172,241,221,238,213,247,162,163,231,166,166,
167,249,188,163,186,177,167,163,166,177,176,179,178,185,175,171,169,137,129,199,205,192,133,212,194,220,220,216,197,140,217,207,205,220,212,156,208,219,219,213,
214,204,145,201,146,156,216,208,219,202,173,173,160,165,169,230,152,135,139,255,133,251,181,226,239,143,178,170,145,165,245,235,247,168,186,187,183,176,245,184,
170,142,130,150,138,139,139,206,206,226,155,143,159,153,159,128,207,156,158,147,151,135,129,132,158,150,158,210,156,157,144,155,197,72,117,118,115,67,96,114,
47,87,86,121,111,105,110,38,116,34,36,35,63,38,39,34,59,42,43,47,55,46,46,46,51,18,19,26,15,21,19,20,11,25,17,24,7,29,21,31,
3,2,4,0,31,6,1,3,27,10,10,12,108,115,118,117,104,119,117,115,100,120,115,127,96,124,122,124,124,96,107,96,120,103,102,99,116,107,106,106,
112,108,109,103,76,83,80,87,72,87,86,87,68,88,83,82,64,95,92,94,92,67,66,64,88,71,70,67,84,75,74,74,80,79,76,77,172,179,179,186,
168,183,180,183,164,184,191,178,160,191,189,191,188,163,163,170,184,167,164,166,180,171,170,163,176,175,172,171,140,147,151,150,136,148,147,149,132,155,154,153,
128,159,156,159,156,131,131,135,152,135,132,133,148,139,136,138,144,143,142,137,236,243,243,250,232,247,246,243,228,251,249,242,224,252,249,252,252,224,228,224,
248,228,238,228,244,232,236,234,240,236,230,237,204,208,213,219,200,215,213,213,196,216,221,217,192,220,216,217,220,192,202,202,216,196,192,194,212,200,204,203,
208,204,200,205,44,48,53,54,40,52,49,54,36,59,63,62,32,60,54,55,60,32,37,42,56,36,46,33,52,40,34,45,48,47,43,46,12,16,26,21,
8,20,16,21,4,24,18,30,81,1,31,27,7,24,27,26,28,28,60,82,86,93,22,74,40,36,99,42,42,50,103,23,6,8,126,2,122,54,111,63,
35,114,61,59,33,118,8,59,33,24,42,124,41,54,58,14,107,21,2,22,11,78,56,55,26,14,14,15,69,21,93,64,65,94,65,68,76,90,69,76,
75,86,73,72,76,82,78,184,178,174,177,182,180,170,181,184,187,166,185,188,191,162,190,169,169,190,162,172,173,186,165,169,160,182,169,169,168,178,173,148,
151,142,145,148,145,138,150,145,159,134,154,149,149,130,158,131,128,158,129,132,141,154,133,136,139,150,138,143,137,146,141,240,242,238,242,253,252,234,245,248,
249,230,249,252,251,226,254,227,232,254,225,225,228,250,230,225,239,246,234,229,239,242,237,208,210,206,209,214,220,202,213,220,209,198,218,216,219,194,221,194,
194,222,193,198,196,218,197,201,204,214,202,197,203,210,205,49,53,46,49,52,55,42,54,49,59,38,58,57,56,115,35,33,37,37,58,61,31,100,114,108,
108,104,117,22,120,112,123,42,77,77,64,69,73,6,120,120,91,109,83,12,16,14,72,81,92,87,9,115,80,66,100,93,75,73,41,34,39,107,27,26,
53,35,45,42,98,48,125,116,123,99,98,101,106,127,102,97,98,123,106,106,99,119,110,105,108,115,82,82,86,79,86,86,82,26,68,88,94,92,69,68,
100,3,31,18,19,31,84,42,1,35,27,76,71,67,77,70,18,16,227,224,238,163,219,212,207,178,241,187,183,179,189,182,174,230,246,177,186,204,227,193,
245,162,178,171,183,196,235,201,253,170,137,156,159,252,245,236,147,222,154,137,222,195,201,195,142,202,222,213,184,223,219,214,215,219,152,230,249,203,239,132,
218,159,253,225,165,162,169,160,252,128,173,189,153,174,190,187,167,172,181,249,141,140,167,177,179,180,240,162,235,226,228,241,236,236,209,205,208,215,212,201,
212,213,208,197,216,217,222,193,220,219,198,221,192,192,199,217,196,196,193,213,200,200,197,209,204,207,55,45,48,55,60,41,52,52,62,37,56,56,63,33,
60,63,33,61,35,42,32,57,39,46,33,100,54,42,40,42,55,54,42,77,77,64,69,73,6,120,121,112,99,123,12,16,14,72,81,92,87,9,115,80,
66,100,93,75,73,41,34,39,107,27,26,53,35,45,42,98,48,125,116,125,99,98,99,103,127,102,96,103,123,105,96,109,119,110,105,108,115,82,82,86,
79,86,86,95,75,90,93,89,71,94,89,86,67,66,69,75,14,88,68,66,64,81,80,112,23,19,30,31,19,160,222,198,242,254,184,178,179,179,229,229,
232,237,225,174,208,214,215,161,220,160,168,162,163,163,185,243,253,188,181,193,219,209,219,136,145,137,250,226,214,210,128,151,150,243,235,232,156,255,133,146,
199,220,208,216,151,221,215,222,177,208,210,221,222,172,225,157,135,176,173,135,231,245,233,173,170,161,168,244,136,181,165,129,182,166,163,191,180,189,241,133,
132,175,185,187,188,200,154,211,218,221,201,212,213,223,197,216,223,220,193,220,219,195,221,192,199,205,217,196,199,203,213,200,206,206,209,204,204,50,45,48,
48,51,41,52,51,61,37,56,62,56,33,60,58,33,108,62,34,32,34,63,62,18,117,117,120,125,113,62,64,75,123,123,86,4,24,6,120,120,91,109,
83,2,114,69,117,105,68,56,95,91,86,87,91,24,102,94,50,51,127,122,114,126,42,40,43,40,38,107,19,59,25,24,101,108,107,101,111,117,63,49,
120,113,5,58,46,47,116,109,77,62,3,17,22,76,91,90,55,31,61,60,89,77,26,7,21,31,82,22,26,17,124,27,23,26,27,23,92,34,18,47,
202,249,162,190,164,242,233,245,227,250,250,234,239,232,180,201,249,255,246,213,253,231,229,227,219,241,243,247,248,181,193,192,211,197,199,192,140,222,151,158,
155,133,152,159,157,129,156,154,129,157,128,135,134,153,132,131,138,149,136,136,136,145,140,138,242,237,240,246,240,233,244,245,250,229,248,254,253,225,252,250,
224,253,224,224,227,168,250,230,236,238,243,242,214,177,177,188,129,141,194,188,147,161,128,218,217,221,209,135,131,142,143,131,208,174,184,139,135,200,199,195,
195,217,147,157,220,213,161,136,68,103,40,49,41,90,113,67,110,32,55,54,83,71,118,124,48,101,122,118,122,53,115,121,124,19,118,116,127,124,114,63,
127,105,64,89,126,18,6,26,8,94,69,89,71,94,94,78,83,84,8,117,93,91,82,113,81,75,76,52,2,42,42,40,33,110,24,23,58,46,46,47,
101,53,126,105,100,126,97,96,109,122,101,109,105,118,105,110,107,114,109,82,89,31,79,85,81,81,78,65,99,3,13,76,3,1,27,80,46,30,35,62,
13,86,3,16,28,20,113,11,28,12,17,168,222,221,240,224,224,229,175,243,187,186,187,160,191,190,182,188,163,166,161,184,167,162,166,180,168,162,168,176,
175,172,174,140,147,146,145,136,151,150,149,132,152,147,147,128,156,150,151,156,131,129,135,152,135,130,134,148,139,137,140,144,143,142,140,236,243,243,243,232,
247,247,247,228,248,243,255,224,252,247,246,252,224,235,225,248,228,229,225,244,235,238,238,240,239,238,234,204,208,219,218,200,215,214,209,196,219,218,221,192,
223,220,221,220,195,194,195,216,199,198,197,212,203,201,207,208,207,207,202,44,51,51,55,40,52,63,52,36,56,62,60,32,60,55,58,60,35,35,33,56,
36,47,32,52,40,47,42,48,47,47,43,12,19,19,23,8,23,22,17,4,24,31,30,0,31,31,23,28,3,3,3,24,7,6,4,20,11,15,121,109,
115,117,112,56,106,118,124,126,99,98,70,33,33,44,49,61,114,12,34,4,97,33,101,96,105,96,48,50,61,62,12,65,61,27,47,23,84,90,81,90,
81,75,5,11,78,71,47,7,35,68,2,95,68,90,39,15,43,76,10,84,67,66,223,249,201,241,182,165,242,239,237,231,170,238,226,233,132,253,245,229,
231,225,250,159,243,249,252,147,243,253,188,243,241,235,128,254,234,193,222,255,145,135,220,193,207,197,166,218,207,221,222,153,237,236,199,209,211,212,144,194,
136,139,140,145,140,143,249,237,240,247,246,233,244,243,249,229,251,243,255,225,252,253,225,253,224,227,230,249,228,231,234,245,235,226,228,241,239,231,216,205,
208,208,208,201,212,211,217,197,216,216,219,193,220,223,195,221,192,194,196,217,196,198,200,213,203,194,200,209,207,198,57,45,51,58,54,41,55,52,62,37,
56,63,59,33,63,54,38,61,35,42,44,57,36,37,42,53,40,42,42,49,47,43,16,13,16,18,28,9,20,23,31,5,24,25,28,1,31,27,4,29,
0,1,7,25,4,5,9,21,14,121,120,110,114,112,125,106,117,121,120,102,121,125,122,98,126,105,101,126,97,101,97,122,101,106,104,39,119,109,105,105,
118,73,107,7,13,0,111,10,8,11,8,6,75,51,60,59,45,41,81,79,83,68,91,68,71,114,21,21,24,29,17,94,32,195,226,210,215,164,184,166,
175,160,184,179,187,165,162,191,182,185,155,254,252,247,244,250,183,199,214,202,217,171,238,190,162,128,213,208,214,193,175,202,200,203,200,198,139,243,195,225,
249,141,134,133,136,216,218,213,214,212,153,229,235,236,218,131,136,247,250,226,170,162,229,238,152,166,134,156,225,254,224,145,161,159,135,251,238,233,138,134,
135,191,249,174,179,185,179,254,186,142,133,232,143,139,134,135,139,200,182,133,161,162,181,222,207,205,209,134,129,129,144,252,155,151,154,155,151,220,162,142,
136,70,60,51,53,63,105,105,100,105,101,42,84,127,69,120,50,33,39,41,51,125,115,54,63,71,105,109,93,54,47,51,64,80,86,100,10,25,24,121,
84,96,95,10,95,68,72,64,15,85,95,86,57,88,90,85,86,84,25,96,24,21,122,7,62,101,123,103,60,59,63,46,70,33,33,44,49,61,114,12,
61,47,35,111,55,121,103,123,40,47,43,58,106,13,13,0,5,9,70,56,46,63,4,86,90,92,85,3,31,18,19,31,84,42,19,57,72,52,71,77,
77,70,94,22,230,161,170,220,194,211,232,173,186,164,213,205,218,227,167,178,173,206,247,221,164,216,182,227,240,252,244,187,249,243,250,149,204,206,193,194,
200,133,249,192,255,198,205,139,145,141,213,210,186,221,221,208,213,217,150,232,232,203,206,240,156,128,158,196,189,203,174,172,167,164,170,231,151,167,128,143,
250,140,254,239,237,241,169,174,222,185,185,180,185,181,250,132,190,190,177,140,192,220,194,152,153,239,138,136,139,136,134,203,179,165,184,169,145,209,207,211,
154,156,154,253,148,150,153,154,144,221,161,148,109,99,74,48,36,56,38,105,97,101,0,103,99,110,111,99,48,78,112,125,77,40,36,34,35,117,117,120,
125,113,62,64,115,64,117,23,25,23,19,28,8,64,76,11,4,114,76,65,105,27,0,30,107,87,88,110,17,4,2,31,18,35,20,112,101,50,47,45,
39,106,46,34,41,68,35,63,50,51,63,116,10,34,45,49,13,122,102,124,117,110,117,83,82,75,105,8,10,5,6,4,73,53,3,36,46,45,79,77,
81,28,26,24,127,26,24,27,24,22,91,35,48,50,11,229,181,162,190,164,235,239,235,130,229,229,232,237,225,174,208,216,194,243,170,224,166,182,170,184,
177,168,163,183,176,172,169,137,171,206,204,199,196,202,135,247,202,223,225,157,218,159,143,141,145,220,218,216,191,218,216,219,216,214,155,227,214,218,142,172,
245,148,227,249,229,168,174,164,195,166,164,175,172,162,239,143,158,180,149,228,183,246,234,248,183,179,183,214,177,177,188,129,141,194,133,145,139,133,147,129,
134,132,203,179,164,158,135,149,217,173,131,166,196,149,189,209,243,150,148,159,156,146,223,95,115,74,54,103,56,48,51,51,101,101,104,109,97,46,80,87,
84,100,33,41,35,34,44,56,112,124,59,52,66,108,87,21,66,8,17,9,122,84,111,29,74,3,22,17,114,105,106,70,3,18,71,92,80,88,23,93,
87,91,74,51,39,55,49,55,40,103,60,48,58,46,35,43,102,16,32,3,99,48,30,124,118,106,101,121,5,4,47,57,59,60,72,26,80,86,87,73,
84,85,93,69,88,95,84,65,92,91,68,93,64,71,70,89,68,68,76,4,86,74,72,74,87,117,225,239,230,163,219,245,212,182,235,195,170,182,177,173,
209,255,194,160,241,217,158,244,248,243,184,198,234,201,173,254,212,191,158,129,143,206,197,209,206,137,192,220,205,206,166,204,192,203,144,238,194,225,133,214,
252,151,132,153,215,218,200,213,144,215,181,166,167,201,161,171,162,205,164,166,169,170,160,237,168,186,190,178,166,186,187,187,246,136,177,160,178,179,244,130,
184,184,150,153,203,233,141,131,198,147,145,153,143,132,138,197,177,137,151,135,138,218,212,139,203,215,167,166,137,159,153,158,214,132,49,56,53,47,54,49,
55,43,58,61,60,39,62,63,56,35,34,37,42,63,38,38,34,59,41,46,42,102,48,44,42,40,9,1,86,75,65,75,44,75,71,74,75,71,12,114,
76,105,3,126,11,14,6,7,13,91,87,90,94,44,97,29,42,54,118,37,122,122,123,113,107,37,43,110,103,15,51,20,96,27,108,124,101,117,6,56,
29,111,18,103,118,93,92,61,10,22,86,5,71,28,1,15,5,76,8,0,11,122,3,23,7,1,7,24,87,30,24,22,8,25,119,18,16,227,224,238,
163,219,240,205,225,181,188,184,176,224,226,237,238,252,177,205,201,199,162,226,163,165,172,168,160,188,244,248,191,136,254,215,232,194,143,148,138,247,220,225,
205,133,144,147,240,234,226,133,199,128,149,194,223,221,215,154,222,210,217,180,218,174,165,200,177,161,177,179,181,166,233,149,130,188,165,171,231,143,183,181,
165,172,251,142,254,210,184,180,191,252,130,151,175,136,132,202,188,130,130,144,159,198,176,195,225,141,131,138,207,175,184,130,155,145,221,169,145,159,143,130,
213,166,212,244,154,110,101,8,111,107,102,103,107,40,111,127,101,111,121,103,96,126,49,77,121,69,81,34,77,48,48,16,119,115,126,127,115,0,126,88,
77,119,24,19,18,19,69,69,72,77,65,14,112,92,87,121,5,9,0,3,12,24,80,89,96,105,29,57,42,22,108,117,101,22,48,37,31,100,115,114,
15,61,52,24,98,117,34,63,61,55,122,62,50,57,84,0,40,55,36,2,68,88,70,56,3,51,51,30,66,50,38,57,54,16,120,26,18,85,24,24,
12,89,37,51,42,59,31,95,244,233,231,237,142,218,237,234,234,193,185,171,177,173,224,230,252,155,224,246,224,224,228,249,184,247,243,247,150,248,240,251,
170,254,201,206,198,237,149,135,149,137,245,227,250,235,207,149,246,216,220,215,242,220,196,196,204,250,210,210,208,217,150,224,159,178,166,166,167,237,189,245,
249,240,230,249,254,248,226,253,228,233,254,225,224,226,250,229,236,224,246,233,232,234,242,237,212,209,206,209,209,209,202,213,216,216,198,217,216,222,194,221,
196,195,222,193,199,193,218,197,200,206,214,202,197,206,210,205,49,48,46,49,53,49,123,43,57,61,61,34,37,7,97,125,48,78,90,69,82,116,44,81,
113,119,126,93,117,111,109,107,99,73,75,79,64,13,121,120,91,77,79,72,4,86,31,22,8,29,0,1,12,25,4,5,1,21,13,116,114,110,113,118,
124,106,117,120,125,102,121,120,123,98,125,99,99,126,97,103,103,122,101,108,106,39,119,109,105,105,118,73,107,14,12,7,4,10,71,55,4,11,91,53,
80,93,91,75,29,29,16,21,25,86,40,61,32,29,70,79,73,69,95,233,231,162,171,219,232,231,183,209,163,184,166,211,224,239,191,201,184,175,174,203,
208,207,240,184,237,242,254,242,189,251,241,196,171,205,209,132,250,238,241,238,200,144,237,197,195,202,233,217,195,193,199,247,221,223,219,220,145,229,228,207,
217,219,220,232,186,243,250,253,233,244,242,249,229,248,248,253,225,252,253,233,253,224,231,236,168,250,230,236,238,243,242,214,175,187,171,149,147,140,195,187,
173,176,161,137,227,143,133,136,231,177,133,161,181,198,169,220,220,252,168,154,154,149,168,210,190,150,158,114,96,97,119,97,119,71,99,108,108,110,43,49,
45,81,100,74,72,103,61,87,125,119,101,121,122,110,126,110,92,122,123,69,69,24,96,75,75,72,66,75,93,2,77,89,67,77,91,89,94,92,27,107,
103,78,125,123,16,53,44,46,33,34,40,101,25,9,15,127,58,118,117,116,117,35,63,50,51,63,116,10,46,16,51,97,103,98,101,102,126,54,6,65,
74,60,42,34,80,23,66,91,71,52,34,42,88,31,89,76,79,44,12,50,29,79,88,13,18,30,18,93,27,17,228,139,221,203,210,195,231,167,181,169,
213,217,244,199,205,133,207,250,255,241,220,166,182,170,184,198,200,227,214,222,164,200,193,200,214,229,203,215,229,207,193,197,206,131,243,242,221,203,213,210,
154,200,134,132,143,155,138,139,143,151,142,137,134,147,242,245,245,239,246,241,255,235,250,253,253,231,254,249,254,227,226,228,230,255,230,229,231,251,234,237,
233,247,238,233,236,243,210,210,214,207,214,213,209,203,217,208,217,199,222,220,223,195,194,192,198,142,216,196,194,192,209,213,218,211,212,206,206,207,41,46,
49,51,45,44,12,98,102,109,35,1,96,98,109,110,124,49,116,102,122,118,98,126,119,119,58,68,72,79,38,71,102,9,125,107,106,118,99,14,34,69,
69,72,77,65,14,112,119,88,127,14,3,4,13,91,87,90,94,44,97,29,50,16,29,123,112,121,114,106,34,42,109,102,16,23,56,31,121,102,120,9,
16,49,20,115,102,97,2,47,11,56,65,22,11,1,11,70,2,6,13,96,2,10,77,0,0,4,81,45,59,58,38,51,87,23,11,90,21,19,9,94,
32,200,207,209,198,190,204,245,198,160,214,213,248,232,232,237,167,235,163,160,161,184,167,163,166,180,171,174,170,176,175,170,172,140,147,151,146,217,137,151,
147,159,128,131,139,216,197,203,193,186,221,221,208,213,217,150,232,221,208,212,131,129,133,137,132,172,174,161,162,168,229,153,175,164,253,178,246,244,250,245,
239,185,183,242,251,139,176,191,185,224,243,232,246,131,184,183,177,216,200,223,222,187,141,138,211,144,201,158,131,137,131,206,138,158,149,248,129,145,129,131,
133,150,217,148,146,144,247,146,144,99,96,110,35,91,115,103,63,108,52,60,59,55,97,97,108,113,125,50,76,120,123,71,42,46,41,33,59,117,123,62,
55,127,87,67,27,64,15,20,10,119,95,75,19,72,4,19,18,111,93,92,98,20,65,94,82,86,25,90,46,37,72,38,42,33,76,46,46,105,21,3,
2,30,11,97,0,35,59,62,53,39,47,7,57,43,46,123,61,51,58,127,63,41,44,48,33,75,54,21,1,4,11,25,21,61,15,29,4,75,59,0,
53,93,41,40,11,29,31,24,84,6,76,79,185,173,176,183,177,169,180,180,184,165,184,191,191,161,191,182,169,189,160,167,173,185,164,164,173,181,168,168,
164,224,178,174,148,150,139,138,132,209,206,194,198,163,216,206,216,216,220,193,144,238,250,253,231,240,152,231,202,208,215,218,206,196,238,222,178,181,200,175,
171,166,167,171,232,150,185,129,244,166,243,246,224,234,190,188,183,180,186,247,135,150,128,185,225,228,238,228,192,136,132,195,204,186,149,173,208,130,192,217,
193,178,157,165,200,154,219,206,201,170,185,173,154,217,142,147,153,147,222,154,110,101,8,102,106,97,12,107,103,106,107,103,44,82,74,77,41,125,39,84,
52,40,54,72,80,87,73,94,38,91,119,113,68,103,75,81,87,81,101,79,65,69,78,3,115,114,93,75,85,82,26,72,6,4,15,27,10,11,10,108,
115,118,123,104,119,114,112,100,123,126,114,96,127,122,120,124,99,102,99,120,103,99,99,116,107,106,106,112,111,106,108,76,83,86,81,72,87,85,83,68,
91,90,92,64,92,87,92,92,67,67,66,88,71,71,67,5,85,75,79,75,84,87,117,239,243,162,220,204,203,213,194,178,207,227,229,232,203,231,253,227,
229,209,251,253,249,242,191,199,198,233,255,249,254,182,228,145,152,145,143,150,144,151,139,154,156,154,135,158,159,152,131,129,136,139,159,134,129,143,155,138,
138,143,151,142,142,134,194,236,240,246,244,237,236,204,168,186,233,149,131,130,158,139,245,150,184,188,183,146,188,164,164,172,154,178,178,176,185,246,128,191,
146,134,134,135,205,157,213,217,208,198,217,216,216,194,221,197,192,222,193,192,199,218,197,205,200,214,201,201,206,131,211,49,53,53,42,45,15,111,97,40,
86,78,73,53,97,59,72,48,112,124,119,52,74,82,85,33,117,47,92,38,84,109,94,8,126,125,80,64,64,69,15,83,27,26,18,0,31,26,26,28,
3,1,3,24,7,2,4,20,8,6,121,109,112,119,125,105,116,116,125,101,120,120,116,48,98,126,100,102,123,122,116,33,62,50,54,83,40,62,40,40,
44,49,64,62,38,33,93,9,83,32,98,12,4,15,102,31,11,27,5,3,28,83,43,61,56,36,61,67,60,18,18,25,56,22,242,242,246,192,236,236,
234,227,223,225,227,232,228,196,253,206,184,206,205,224,240,240,245,191,227,171,170,162,176,175,170,170,140,147,145,147,136,151,146,148,132,152,147,146,128,159,
154,150,156,131,129,134,152,135,133,143,197,149,139,143,139,148,146,159,180,179,183,166,237,207,170,168,171,168,166,235,147,181,156,152,237,231,235,232,184,186,
181,182,180,249,133,131,141,191,227,233,217,218,194,138,130,197,206,184,144,187,189,193,222,192,177,151,162,166,219,206,201,170,174,166,154,217,142,147,153,147,
222,154,110,101,8,102,106,97,12,107,103,106,107,103,44,107,123,97,115,101,123,124,122,53,73,121,79,43,91,112,52,66,86,81,115,100,11,41,77,67,
6,73,71,93,10,116,100,99,125,106,16,69,90,86,90,63,68,82,76,76,77,46,97,54,49,49,32,76,43,39,42,43,39,108,18,44,42,42,108,101,
99,111,57,57,52,57,53,122,4,31,47,19,98,87,81,89,67,13,3,70,79,55,11,15,17,70,95,67,48,18,20,8,90,73,72,41,52,10,52,90,
15,20,24,16,95,229,239,230,137,225,235,226,141,228,230,233,234,224,173,209,195,218,224,170,228,180,168,182,200,246,211,222,173,221,173,197,192,232,239,241,
230,138,235,199,202,205,244,160,199,195,206,207,195,144,238,246,231,248,135,139,133,141,130,214,212,223,220,210,159,159,150,150,251,158,248,244,242,243,233,163,
173,236,229,145,139,132,157,224,249,230,248,137,147,140,149,232,242,225,224,129,136,180,217,184,195,144,141,131,137,200,140,132,143,230,132,136,207,175,189,184,
130,204,130,214,131,144,156,148,241,142,152,138,138,114,111,34,92,72,79,119,63,127,39,94,114,124,104,75,92,64,84,124,114,118,121,115,115,18,124,116,
127,22,111,123,107,85,83,76,3,80,87,83,66,34,76,68,79,38,65,65,76,81,93,18,85,65,91,85,67,81,86,81,96,30,8,25,49,35,110,110,
66,37,37,40,45,33,110,16,10,8,1,110,108,98,109,59,55,58,59,55,124,2,41,27,20,92,90,84,95,69,15,1,72,65,53,49,53,62,68,93,
93,46,40,42,39,92,75,74,39,14,62,15,92,9,22,26,238,161,231,237,224,143,239,225,168,214,226,195,207,206,174,238,254,245,178,204,252,221,213,212,
182,201,251,233,249,243,234,191,212,201,199,205,174,215,195,211,221,219,196,139,243,197,230,236,243,157,146,236,249,249,194,210,140,179,223,213,216,183,215,217,
224,175,173,183,228,154,142,165,178,147,253,235,163,191,238,144,164,171,187,135,244,235,235,247,135,145,137,186,229,169,237,255,148,137,135,141,238,151,131,147,
157,155,132,203,130,132,130,195,208,159,155,159,254,153,153,148,153,149,218,164,166,143,149,194,57,55,57,111,107,102,103,107,40,86,98,106,100,48,55,57,
43,49,123,117,52,61,73,77,106,114,48,41,49,66,68,109,75,8,31,30,123,77,71,79,8,93,66,78,66,13,75,65,84,59,87,93,80,63,105,67,
66,80,107,96,106,127,99,108,109,116,118,97,102,120,122,101,71,34,32,51,48,62,115,11,30,59,49,101,104,108,96,48,50,61,62,12,65,61,52,46,
93,12,90,89,95,81,75,5,11,78,71,47,58,31,21,94,71,91,40,51,20,28,82,65,64,33,40,202,185,232,163,240,237,227,233,168,236,228,239,134,
235,225,253,176,206,190,179,203,254,209,230,193,185,243,245,188,244,238,254,201,211,209,139,251,237,196,221,242,158,144,236,201,217,237,199,217,221,214,193,209,
219,158,158,145,153,222,212,182,209,209,220,161,173,226,156,180,175,241,130,134,233,247,235,147,166,137,190,137,235,148,186,186,177,144,190,170,170,174,152,180,
180,178,187,200,190,189,144,128,128,133,207,147,219,219,222,192,223,218,218,220,195,192,198,216,199,194,192,133,213,203,207,203,212,215,245,105,103,34,92,116,
111,49,66,70,41,126,99,105,99,4,99,127,114,115,127,52,74,114,70,65,94,58,38,60,66,110,117,23,100,108,25,98,76,72,67,110,64,88,88,88,
110,70,70,92,85,26,108,107,70,82,82,91,17,68,114,115,114,111,118,119,113,107,122,124,123,103,126,121,125,99,98,99,107,46,120,100,98,96,113,112,
80,50,58,125,1,59,49,56,37,67,5,11,2,71,55,13,59,50,43,87,39,28,49,89,45,44,7,17,19,20,80,2,72,73,76,81,76,75,182,173,
176,182,177,169,180,179,187,165,184,191,184,161,188,188,166,189,160,163,163,185,164,162,169,181,168,175,171,177,172,172,147,141,144,151,156,216,138,150,156,158,
131,130,140,204,192,203,144,238,214,226,237,242,152,225,217,213,207,222,156,128,131,159,159,170,152,154,177,229,178,175,173,167,192,148,164,133,141,140,240,236,
242,140,191,146,167,142,210,134,151,151,168,184,234,255,221,193,189,136,163,148,191,221,174,128,132,143,170,132,156,156,132,178,154,154,152,145,222,168,167,138,
158,158,159,213,133,205,48,56,46,49,48,48,42,53,59,57,38,57,56,62,34,61,35,32,62,33,32,33,58,37,44,33,54,41,47,37,50,45,21,21,
95,15,21,17,17,14,1,9,69,89,12,114,69,104,65,104,8,117,93,91,82,113,81,75,76,52,2,42,42,40,33,17,47,33,42,34,2,63,12,102,
16,15,34,54,54,55,125,45,101,104,96,118,105,104,104,114,109,83,81,78,81,80,86,74,86,81,80,70,89,88,84,66,93,67,68,94,65,71,77,11,
91,73,77,77,82,85,119,18,16,227,224,238,163,219,235,225,182,242,180,179,191,183,225,225,236,241,253,178,204,206,253,244,170,161,173,161,187,245,251,190,
183,255,207,197,146,222,143,148,138,247,199,205,154,214,132,147,146,239,235,218,209,148,193,222,210,214,153,223,213,216,183,204,218,180,180,176,173,228,154,174,
143,139,138,230,235,147,128,130,187,181,229,216,182,186,177,220,178,182,189,208,190,178,185,212,173,133,149,151,145,138,197,136,142,132,197,202,133,133,129,228,
138,158,149,248,172,159,145,199,155,204,175,218,198,220,155,139,145,99,117,107,108,106,45,89,79,70,90,79,34,6,97,97,108,113,125,50,76,109,83,33,
88,32,36,45,46,39,113,113,124,65,77,2,124,109,99,72,26,31,28,17,11,69,75,14,7,111,72,116,4,123,13,28,5,21,102,70,6,118,13,123,
109,120,123,24,1,15,36,107,56,37,43,33,112,52,60,55,94,57,57,52,57,53,122,4,24,31,103,51,85,38,66,94,68,58,50,53,80,49,44,67,
51,37,32,60,53,88,120,26,18,85,24,24,12,89,37,63,62,68,18,74,199,161,246,235,225,235,140,245,237,253,255,249,226,173,224,230,252,155,247,253,
240,159,228,242,236,236,232,245,188,194,218,221,153,205,151,228,138,230,224,213,201,196,207,139,135,141,248,202,211,197,221,193,135,155,216,210,207,145,146,138,
133,150,147,142,249,232,238,227,155,134,165,151,156,229,234,227,249,253,229,226,229,225,251,250,222,185,185,180,185,181,250,132,158,133,156,226,213,217,217,143,
139,134,135,139,200,182,159,165,148,212,211,218,200,202,210,154,146,213,222,168,186,161,184,209,206,208,161,189,88,67,43,62,57,90,115,73,112,48,42,127,
100,104,96,47,117,127,118,25,113,123,114,29,71,86,124,93,44,127,62,34,0,71,87,77,71,81,79,72,70,1,117,102,93,72,118,3,16,110,118,113,
13,89,3,112,20,25,96,38,8,38,38,119,108,76,46,46,105,36,36,56,109,17,38,41,57,58,123,11,51,31,51,61,106,116,11,51,46,55,43,9,
14,12,74,68,17,14,2,6,99,6,4,15,12,2,79,47,0,39,74,25,72,64,68,67,21,21,24,29,17,94,32,231,243,247,190,178,182,189,167,225,
239,170,163,211,252,219,182,253,187,160,190,203,228,195,174,245,176,167,166,195,250,236,234,128,213,202,198,202,133,195,201,204,163,216,206,216,216,220,193,144,
215,211,223,199,208,154,151,231,230,201,223,217,222,150,196,242,240,250,239,246,240,246,235,250,251,253,231,254,249,249,227,226,228,227,255,230,225,231,251,234,
236,233,247,237,229,232,243,210,210,219,207,214,208,213,203,218,218,211,199,222,217,215,195,194,196,194,223,198,196,196,219,201,203,195,215,206,204,206,211,50,
49,54,47,54,52,51,43,58,57,62,39,62,60,62,35,34,33,36,63,37,44,47,59,41,32,35,102,48,44,42,40,9,43,78,76,71,68,74,7,119,
126,120,95,17,25,22,20,92,94,81,82,88,21,105,126,92,110,10,125,117,122,120,100,44,32,103,96,22,29,25,56,103,124,98,15,6,0,39,125,104,
107,8,17,61,13,110,124,41,54,58,14,65,7,13,0,111,3,9,12,99,53,47,46,84,2,90,55,95,49,53,6,20,27,18,88,68,90,36,26,52,
26,26,179,139,240,230,240,240,244,233,168,253,248,254,233,135,235,225,244,155,254,252,247,244,250,183,199,220,233,212,215,189,163,191,255,194,218,225,213,159,
229,213,205,200,222,206,251,196,192,203,223,198,154,200,190,225,223,195,212,220,154,134,156,226,225,204,164,164,161,235,191,244,255,245,228,251,255,249,224,255,
251,253,252,227,230,235,248,231,226,229,244,235,233,238,240,239,235,237,204,208,218,213,200,212,223,210,196,216,210,211,192,223,220,223,220,195,195,198,137,217,
199,195,207,208,214,241,144,146,157,158,108,33,93,75,72,80,55,58,49,63,49,103,99,110,111,99,48,78,120,124,77,40,47,33,35,57,115,125,60,53,
65,87,108,116,19,9,22,8,121,111,100,124,27,2,17,16,113,69,95,104,18,71,92,80,88,23,93,87,91,74,8,33,44,42,101,123,103,23,22,57,
47,41,46,102,52,98,101,100,127,102,97,101,123,106,109,104,38,112,108,106,104,73,77,104,15,11,6,7,11,72,54,45,1,92,7,83,92,68,74,30,
28,23,20,26,87,39,58,43,44,65,78,74,68,160,232,228,163,172,218,193,237,184,227,160,185,161,210,201,229,160,251,187,174,169,202,213,198,207,185,238,
243,249,243,190,250,206,197,168,226,209,209,206,200,218,137,151,139,243,242,221,203,213,210,154,200,133,140,132,155,138,140,136,151,142,136,140,147,242,245,250,
239,246,241,244,235,250,250,255,231,254,248,252,227,225,233,228,255,229,236,227,251,233,225,226,247,238,239,238,243,210,208,215,158,200,212,210,208,193,197,224,
135,131,142,143,131,208,174,153,189,205,145,203,196,201,194,150,148,159,156,146,223,95,87,77,104,57,54,55,60,40,96,108,43,36,82,101,65,41,117,56,
33,57,74,125,89,33,125,51,38,33,66,72,80,75,1,86,75,65,75,6,66,70,77,32,109,67,65,74,74,66,17,15,19,107,106,69,83,93,90,23,
59,112,123,113,104,119,115,117,100,123,127,121,96,127,122,119,124,99,102,97,120,103,101,98,116,107,111,105,112,108,103,107,76,83,83,91,72,87,87,84,
68,91,91,88,64,95,93,90,92,67,71,64,9,89,71,67,79,80,86,113,47,20,4,26,160,188,162,214,192,236,235,181,166,239,248,228,225,194,232,233,
227,244,230,187,188,189,162,162,168,169,179,180,173,173,183,179,128,137,138,146,149,156,144,151,129,134,152,152,133,132,130,165,228,195,211,221,199,197,215,197,
221,215,206,155,129,157,202,205,181,164,238,201,144,173,163,170,173,233,247,235,147,146,189,171,181,178,250,168,230,228,227,251,234,237,239,247,238,238,239,243,
210,212,209,158,200,212,210,208,193,197,224,184,133,137,139,173,145,131,165,154,144,129,158,215,197,217,210,211,205,197,204,207,41,46,51,48,45,41,12,79,
105,122,69,126,120,97,103,97,117,49,47,51,96,103,99,114,18,100,51,17,112,114,125,126,76,1,125,82,97,127,31,66,27,9,23,11,115,104,93,96,
123,11,102,82,86,29,77,23,108,80,75,44,36,98,126,100,26,25,52,44,44,41,99,55,127,124,125,124,99,102,102,120,103,99,101,116,107,110,99,33,
113,111,107,87,72,78,67,45,6,9,9,72,84,74,52,51,30,10,10,19,89,9,65,65,68,90,69,77,72,86,73,72,69,82,77,180,178,255,175,181,
177,177,174,168,244,163,129,211,252,203,213,169,244,161,169,199,240,245,227,241,246,244,179,231,189,202,246,212,205,199,131,153,133,249,248,219,205,207,200,132,
214,156,159,136,157,128,134,133,153,132,130,137,149,136,137,138,145,140,141,249,237,240,247,243,233,244,243,253,229,248,248,255,225,255,247,231,253,227,235,226,
249,231,239,225,245,232,235,233,241,236,236,213,205,211,218,215,201,212,214,219,197,216,218,217,193,220,223,200,140,222,194,192,194,223,215,133,208,240,151,147,
158,159,147,32,94,83,83,50,113,63,107,2,101,101,104,109,97,46,80,87,75,67,46,44,34,45,123,119,122,123,119,60,66,83,70,25,112,31,27,19,
30,6,78,78,9,2,116,107,119,127,5,2,28,109,116,110,100,31,10,5,102,114,25,120,19,99,48,45,35,41,104,44,36,47,70,18,31,31,102,37,
107,63,116,104,118,8,41,28,0,98,57,110,100,11,15,6,5,15,1,77,29,109,60,0,30,7,9,77,83,79,47,46,1,23,17,22,94,12,74,72,
72,87,78,73,70,83,178,180,178,175,182,177,178,171,186,189,188,167,190,185,186,163,161,169,167,191,166,167,165,187,170,169,170,183,174,173,170,226,140,144,
150,148,141,137,172,227,205,218,201,217,197,221,218,198,223,223,146,142,148,234,233,196,220,220,217,147,199,140,135,134,236,243,247,242,232,247,242,245,228,251,
254,250,224,255,251,254,252,227,231,224,248,228,238,226,244,235,239,234,240,239,234,232,204,211,214,211,200,212,222,222,196,219,223,218,192,223,218,215,220,192,
203,202,216,196,196,206,212,203,202,204,208,204,199,203,44,51,51,55,40,55,54,49,36,56,51,62,32,63,63,60,60,35,35,42,56,36,37,32,52,40,
35,44,48,44,39,40,12,16,17,18,8,20,31,19,4,27,26,27,0,31,30,30,28,0,7,11,73,25,7,3,15,16,19,74,23,35,47,49,32,102,
122,104,22,35,49,57,117,33,99,90,18,51,63,56,55,55,52,51,121,103,123,58,40,48,60,20,8,13,13,76,58,17,41,80,0,26,66,102,50,7,
21,5,73,29,83,73,85,41,0,54,65,19,11,118,27,17,13,160,222,202,205,215,192,170,167,215,219,193,233,227,173,231,225,176,225,243,250,230,230,190,
200,255,206,245,252,181,189,250,240,170,205,205,192,197,201,134,248,210,207,197,150,155,157,149,195,223,210,211,223,148,234,236,244,252,132,141,139,135,157,215,
217,224,233,157,185,162,170,236,245,229,150,176,173,163,228,243,242,143,139,145,151,244,161,190,178,182,249,191,181,184,215,178,176,131,128,142,195,187,138,141,
215,146,171,202,214,204,178,135,149,133,201,157,211,149,155,146,215,167,151,173,201,189,150,214,160,72,79,81,70,45,15,111,97,40,86,88,64,110,98,32,
77,121,125,126,113,123,116,100,115,56,109,114,126,114,61,65,77,107,67,77,13,102,76,74,75,74,70,75,89,72,3,107,65,81,83,94,86,80,21,11,
23,103,86,84,112,59,0,99,33,43,34,77,36,38,41,42,32,109,17,40,55,101,58,110,102,99,109,59,55,58,59,55,124,2,60,58,85,45,80,94,
86,83,93,71,1,15,74,67,51,10,9,91,24,91,64,94,43,18,17,67,16,80,71,70,35,31,27,74,204,179,162,247,236,224,232,167,237,231,238,129,
229,235,174,208,194,218,240,252,186,221,255,240,240,245,243,252,244,233,190,235,200,196,204,131,251,247,237,197,199,135,226,194,203,197,194,198,215,217,198,157,
241,219,215,213,212,220,222,155,129,157,225,208,171,241,184,129,228,160,168,163,194,172,164,175,198,146,173,183,146,160,232,157,187,161,191,177,161,241,161,251,
136,180,170,179,133,193,223,195,187,186,149,131,141,138,194,144,222,220,218,195,193,200,203,223,197,204,193,219,201,193,200,215,205,196,200,211,50,50,52,47,
54,49,62,43,58,58,50,39,62,56,58,114,60,32,38,36,61,57,54,84,119,119,110,126,114,105,62,34,0,126,85,109,28,76,86,7,73,71,78,11,
115,114,93,75,85,82,26,72,6,4,4,27,10,13,7,108,115,119,115,104,119,114,115,100,123,126,125,96,127,122,123,124,96,106,102,120,103,100,100,116,
107,106,107,112,111,110,107,76,80,90,90,72,87,87,94,68,91,94,90,64,92,87,92,92,64,75,70,88,71,70,65,84,72,67,67,80,76,71,77,253,
173,179,183,179,172,166,232,250,169,213,212,255,233,235,236,184,234,160,162,166,185,164,163,160,181,168,174,172,177,172,171,148,141,144,151,146,137,148,147,156,
133,155,147,153,129,156,157,131,157,128,131,132,153,132,135,140,149,139,131,133,145,140,142,248,237,240,247,242,233,244,246,249,229,251,242,254,225,255,246,226,
253,224,227,227,249,231,238,235,245,235,226,239,160,242,238,212,214,203,207,196,161,147,149,137,157,131,132,130,205,211,207,216,217,198,218,219,199,223,215,133,
208,240,158,146,153,244,130,41,11,93,114,65,95,63,98,59,51,72,126,120,121,97,97,56,106,24,127,123,118,119,123,56,70,78,75,73,32,38,39,27,
77,77,64,69,73,6,120,101,100,73,22,20,21,21,15,89,87,18,27,107,97,102,98,18,11,18,31,21,18,22,109,120,123,24,5,4,41,107,56,37,
43,33,112,52,60,55,94,1,63,35,52,60,122,102,124,2,1,44,4,4,1,75,31,84,95,94,68,91,94,90,64,95,90,86,92,67,70,64,88,71,
69,70,84,75,78,76,80,79,77,74,172,179,177,187,168,180,190,176,164,187,185,185,160,191,186,189,188,160,171,163,184,167,167,167,180,171,171,172,176,172,
172,166,140,147,150,145,136,151,150,144,132,155,154,152,128,159,158,150,205,157,131,135,131,156,154,189,252,220,201,216,206,212,206,203,169,174,172,227,249,229,
153,152,187,173,175,168,228,182,255,246,233,253,224,231,229,249,228,227,225,245,232,239,239,241,236,236,209,205,208,215,211,201,212,212,221,197,216,216,212,193,
220,220,194,221,195,203,204,217,196,195,193,213,200,207,203,209,204,204,55,45,51,58,51,41,55,62,60,37,56,58,56,33,60,63,39,61,32,33,37,57,
39,36,43,53,40,42,44,49,44,47,16,13,19,16,18,9,20,23,16,5,27,18,27,1,28,29,2,29,0,1,6,25,7,3,9,21,13,112,118,110,
113,118,117,106,118,113,124,102,121,125,123,98,125,97,98,126,97,102,100,122,101,104,96,118,105,108,100,114,110,85,81,78,81,85,86,74,85,89,94,70,
89,92,95,66,93,66,66,94,66,65,64,90,69,72,77,86,73,76,68,82,77,176,184,174,177,180,182,170,181,187,177,247,167,189,185,185,166,188,155,209,
242,248,249,244,246,251,242,186,166,188,251,235,241,195,213,203,204,202,141,143,173,247,195,251,239,152,247,134,134,186,216,212,147,218,218,194,151,231,210,215,
217,244,142,158,203,168,164,172,201,168,170,165,166,164,233,149,170,135,161,255,242,232,225,233,191,187,182,183,187,248,134,174,177,229,188,227,231,208,218,194,
138,130,197,206,184,137,162,134,218,198,223,195,176,145,186,158,194,221,200,203,168,140,147,195,154,220,137,150,154,110,33,103,109,96,15,89,100,112,75,123,
49,66,98,122,102,118,104,58,104,52,65,127,99,116,124,58,38,60,66,65,108,68,68,65,11,95,20,31,18,4,27,30,19,0,31,27,31,28,3,0,
5,24,4,14,4,20,11,15,116,109,112,115,117,56,106,118,124,126,99,103,108,14,33,33,36,52,60,39,116,104,118,8,7,42,62,62,63,117,37,109,
80,89,78,81,81,87,74,85,92,93,70,89,94,85,66,93,68,71,94,65,65,68,90,69,75,78,86,73,73,72,82,77,179,178,174,178,188,189,170,181,
187,176,166,185,184,188,162,189,164,161,190,161,165,167,186,166,170,160,182,169,173,173,178,174,153,149,142,145,149,145,138,149,152,144,134,154,159,153,130,157,
128,128,158,130,141,140,154,133,138,136,150,138,143,133,146,141,240,244,238,242,253,240,234,245,249,255,230,250,245,255,226,253,224,226,254,226,224,224,171,251,
233,237,237,242,240,253,154,170,146,128,150,138,139,139,198,218,200,193,194,221,222,196,193,220,193,216,210,142,221,255,132,146,140,140,136,149,246,145,145,156,
97,109,34,92,102,78,51,68,53,49,62,48,96,98,109,110,124,49,77,119,64,36,94,34,37,33,46,32,60,116,120,63,8,126,64,104,17,102,12,21,
5,118,72,96,25,110,7,18,13,110,86,103,5,125,3,23,76,81,90,46,97,39,45,32,79,35,41,44,67,38,36,47,44,34,111,15,58,21,34,13,
121,118,8,21,61,109,16,108,24,106,127,93,65,61,41,62,16,0,79,65,99,3,13,76,50,35,11,71,58,66,54,64,85,2,31,29,23,112,36,23,
16,28,55,179,175,193,197,246,228,235,226,168,180,170,212,193,233,185,196,160,212,166,189,215,211,228,246,245,252,186,176,188,203,251,252,212,206,208,144,138,
203,195,208,128,129,158,158,135,128,154,154,153,157,146,236,247,214,230,227,148,153,146,138,137,150,147,142,245,232,235,201,155,166,190,133,185,243,132,164,184,
164,168,182,248,170,242,135,189,161,186,178,248,228,250,132,131,174,186,186,131,201,153,210,221,208,202,213,220,209,198,217,217,221,194,221,194,199,222,194,204,
198,218,197,200,205,214,201,204,204,131,211,49,53,53,42,40,37,69,104,102,125,111,101,120,45,51,47,79,78,97,119,113,118,62,108,41,32,40,55,46,
47,43,51,18,21,20,15,22,17,19,11,26,29,24,7,30,30,27,3,2,2,6,31,6,0,4,27,10,10,7,108,115,118,115,104,119,114,118,100,123,
121,122,96,124,119,126,124,99,99,97,120,100,111,97,116,107,106,109,112,108,103,103,76,83,83,81,72,87,86,85,68,91,91,89,64,95,95,94,92,67,
66,70,88,71,70,66,84,72,73,67,80,79,76,76,172,176,187,182,168,180,178,182,164,187,187,190,160,188,183,189,188,160,171,164,184,164,175,162,180,168,
174,173,176,172,167,170,140,147,147,149,136,151,151,159,132,152,147,159,128,156,155,159,205,157,131,135,131,156,154,151,252,204,200,218,200,212,209,209,224,252,
226,235,236,252,242,238,231,253,253,226,236,176,231,197,181,189,161,182,222,138,181,175,154,168,224,149,179,169,183,185,153,201,153,195,176,140,146,139,141,201,
215,203,179,178,157,139,149,146,218,136,197,204,195,219,202,205,194,215,206,200,206,211,50,51,52,47,53,61,53,43,58,57,62,39,62,61,63,114,60,32,
38,36,61,57,54,84,119,119,110,126,114,105,62,34,0,126,125,80,64,64,69,15,83,27,26,19,0,31,27,30,28,3,0,7,24,7,3,7,20,11,
11,115,109,115,123,112,105,116,115,127,101,120,127,121,97,124,124,105,125,99,107,108,121,100,99,105,117,104,111,109,113,108,106,82,77,83,90,87,73,84,
86,91,69,91,82,85,65,95,92,65,93,64,65,69,89,68,71,74,85,72,74,77,81,76,78,179,173,179,176,178,169,180,182,191,165,187,178,180,161,191,
182,166,189,160,162,162,185,167,163,169,181,168,171,168,177,172,175,150,141,147,154,145,137,148,150,154,133,155,146,152,129,156,157,131,157,128,130,135,153,135,
142,139,149,136,138,141,145,143,138,243,188,238,242,240,242,239,235,232,141,191,185,173,185,167,160,190,241,239,243,252,253,225,229,241,246,233,237,245,253,163,
246,234,141,141,128,133,137,198,184,152,133,186,214,223,217,213,131,159,146,147,159,212,170,181,156,137,196,201,207,199,221,151,153,32,41,93,115,104,85,44,
53,37,86,122,103,92,36,51,50,79,82,121,98,52,97,126,114,118,57,127,117,120,23,123,113,68,43,71,77,64,47,91,14,34,118,91,110,118,20,75,
28,10,98,87,80,64,92,89,89,16,66,31,20,40,54,47,33,101,123,103,23,22,57,47,41,46,102,52,98,96,102,127,102,97,101,123,106,109,104,119,
109,101,108,115,82,80,80,79,86,81,95,75,90,90,93,71,94,88,91,67,66,68,64,95,70,65,69,91,74,74,67,87,78,73,73,83,178,180,178,175,
182,180,183,250,164,184,190,188,165,173,243,166,154,253,253,240,245,249,182,200,209,254,233,166,168,171,165,243,207,194,195,207,132,250,223,242,209,148,158,157,
151,141,199,201,144,153,237,250,211,198,156,133,149,230,243,220,207,148,131,130,159,184,151,186,228,177,174,162,166,233,175,165,168,199,162,160,179,176,190,243,
139,183,167,154,178,233,250,230,252,130,175,154,186,216,135,208,222,182,131,132,156,128,133,133,196,150,206,187,153,133,158,150,212,200,214,168,167,138,158,158,
159,213,133,205,49,49,46,49,48,50,42,53,58,60,38,57,57,56,34,61,34,36,62,33,33,38,58,38,32,44,54,41,46,46,50,45,21,19,14,17,
17,20,10,22,16,16,6,25,28,31,2,29,3,1,30,1,4,13,26,6,1,15,19,114,113,123,62,104,116,114,112,97,105,55,98,70,33,33,44,49,
61,114,12,44,57,14,106,96,104,97,55,51,62,63,51,64,62,8,57,11,88,94,86,83,73,3,13,76,69,49,23,28,41,88,65,89,42,14,27,32,
80,71,70,35,23,36,16,160,245,234,230,234,165,227,233,236,131,230,228,239,236,226,175,246,228,252,240,224,252,249,249,184,198,251,226,168,254,208,183,255,
233,236,240,225,140,172,206,206,137,196,196,216,141,241,231,254,226,247,147,219,199,150,217,215,205,154,228,244,243,237,250,250,136,177,130,236,154,153,180,172,
172,169,227,183,255,252,253,252,227,231,226,248,231,226,230,244,235,238,232,240,239,235,238,157,205,211,215,211,204,207,199,135,155,202,133,131,153,206,176,184,
191,161,182,218,165,151,133,157,151,142,219,136,149,155,145,32,115,103,119,113,119,104,39,109,103,110,1,101,107,46,80,119,70,125,116,79,74,94,89,75,
92,71,59,104,117,123,113,0,83,71,87,81,87,72,7,77,71,78,33,64,66,77,78,92,17,109,119,118,12,90,2,127,25,2,96,30,22,17,124,29,
0,111,23,1,4,24,9,100,68,38,54,113,60,60,32,117,9,19,26,96,54,110,27,125,42,55,5,15,66,17,1,17,19,21,6,73,15,5,8,103,
2,0,19,16,30,83,43,39,7,79,13,42,90,70,92,52,16,12,244,224,236,224,225,171,232,226,255,161,213,212,255,233,235,236,184,234,160,163,173,185,
164,162,171,181,168,175,165,177,172,170,144,141,144,151,145,137,148,147,159,133,152,159,148,129,156,156,130,157,128,134,129,153,132,134,129,149,136,136,142,145,
140,139,247,188,238,242,240,242,239,238,194,165,165,168,173,161,238,144,135,186,162,224,233,237,227,236,180,182,185,186,176,253,129,166,184,171,223,219,209,222,
198,142,142,201,194,180,187,134,158,220,218,195,223,172,163,158,134,196,209,196,199,164,133,165,180,223,116,105,103,109,36,96,104,99,2,86,88,122,52,120,
93,33,94,112,127,118,52,40,54,72,71,106,126,126,127,53,101,45,17,21,14,17,16,22,10,21,28,27,6,25,29,28,2,30,9,7,30,1,4,5,
75,27,9,13,8,105,75,46,44,39,36,42,103,23,11,7,32,113,117,121,116,60,62,49,50,56,117,9,25,55,33,103,99,107,102,126,54,6,65,74,
60,38,40,13,77,90,68,53,41,33,6,71,82,77,46,60,28,12,85,2,31,29,23,90,30,18,25,116,32,210,240,186,246,215,171,199,227,231,251,228,
238,233,173,179,175,207,213,208,170,248,160,209,157,244,246,249,250,240,189,193,245,204,152,199,148,153,146,146,156,196,198,201,202,192,141,241,245,247,224,131,
142,131,129,141,151,209,223,154,147,227,215,210,134,165,246,232,241,233,154,172,171,241,172,253,226,241,240,145,149,151,128,227,243,160,189,179,185,248,188,180,
191,214,130,140,174,216,148,177,205,165,137,145,134,145,154,165,133,184,130,158,207,205,209,134,129,129,144,252,168,170,136,194,142,175,211,173,150,122,100,34,
62,36,80,66,110,101,59,36,101,105,122,38,39,36,40,57,62,32,44,63,59,56,49,50,47,47,42,46,54,15,19,17,10,8,5,14,23,2,26,31,
2,0,13,6,7,1,4,10,7,29,26,5,1,17,16,53,44,46,33,34,40,101,25,16,27,40,114,118,117,122,117,35,63,50,51,63,116,10,57,22,
97,10,103,98,107,102,126,54,6,65,74,60,51,54,7,95,66,91,71,52,59,62,15,87,89,76,79,44,27,52,79,36,88,13,18,30,18,93,27,17,
228,139,221,209,245,189,243,212,166,218,254,254,232,254,193,233,246,226,247,231,180,168,182,193,253,250,238,244,238,174,176,241,197,214,138,139,148,143,151,146,
129,133,138,153,130,152,130,143,152,133,129,152,153,129,133,158,145,179,229,233,205,133,203,236,238,132,172,162,166,169,163,163,232,244,234,148,165,183,187,247,
191,241,179,189,176,245,137,185,143,235,155,176,244,130,150,145,179,164,203,233,187,183,151,223,157,186,196,187,141,159,139,129,132,209,207,211,171,177,180,206,
148,204,189,241,144,146,157,158,108,33,93,64,126,95,92,39,53,41,67,101,127,121,111,97,115,116,60,125,113,98,62,72,71,106,126,126,127,53,101,46,
25,24,14,17,16,20,10,21,27,30,6,25,30,27,2,29,1,8,30,1,0,12,26,5,13,8,19,114,116,119,111,118,113,113,58,100,120,126,124,101,
100,68,16,19,43,8,9,122,27,55,58,61,121,103,123,3,2,45,59,5,2,74,24,86,84,94,75,90,92,90,71,94,89,93,67,66,69,75,14,88,
68,66,64,81,115,37,56,6,39,36,81,211,232,248,230,164,184,166,210,204,224,231,185,162,235,252,224,253,194,241,242,248,240,190,191,172,172,177,182,168,
169,183,179,128,137,138,144,149,140,137,148,153,128,131,161,243,238,212,245,234,159,240,210,215,222,209,197,215,204,212,223,232,207,223,209,179,177,163,177,161,
171,165,190,232,244,234,227,255,230,227,253,249,219,141,144,174,143,140,249,158,182,180,175,252,224,254,154,142,148,143,205,162,138,136,147,198,174,133,159,132,
140,131,173,159,157,150,249,171,182,140,173,162,215,174,158,132,137,173,150,122,100,34,62,36,45,53,53,35,36,59,50,37,7,98,96,115,112,126,51,75,
123,93,123,43,36,45,46,39,113,113,124,65,77,2,124,102,65,119,26,31,28,17,11,69,75,14,7,111,95,121,95,7,31,4,26,103,87,116,44,114,
107,126,121,26,4,35,25,105,62,35,41,35,110,42,62,53,88,12,23,47,12,13,118,13,63,35,40,30,49,51,15,19,81,67,89,69,37,8,4,6,
24,88,66,11,28,0,29,35,53,49,92,93,67,71,83,75,74,78,85,81,94,87,168,180,177,182,177,172,169,181,185,160,166,171,164,165,191,191,164,164,
167,186,187,161,167,190,177,147,197,216,230,199,196,177,244,196,218,215,247,209,212,200,195,204,254,217,205,195,221,223,209,195,215,221,215,204,150,138,152,137,
148,138,137,183,225,252,186,155,152,237,144,160,190,179,232,244,234,148,132,131,157,138,254,159,179,190,177,223,137,148,162,131,128,245,140,188,172,186,142,149,
194,222,196,186,180,150,208,156,185,225,128,130,141,142,156,209,173,149,156,134,203,207,193,194,150,148,159,156,146,223,95,103,113,59,111,56,62,62,51,41,
99,109,44,37,81,105,120,98,56,33,57,74,112,127,107,48,39,38,67,123,109,39,75,1,86,75,65,75,6,66,70,77,32,71,67,78,79,67,16,110,
87,87,6,69,1,111,24,4,31,46,40,46,73,40,42,37,38,36,105,21,47,43,28,115,122,102,106,62,60,55,52,58,119,7,16,54,47,106,96,107,
105,91,65,11,5,68,77,57,3,15,56,64,89,65,50,10,8,33,88,79,78,43,60,26,3,78,89,14,19,25,19,94,26,238,229,136,234,226,165,217,
232,194,199,210,187,172,249,230,234,254,155,205,246,240,167,230,160,192,185,167,187,213,243,237,235,193,207,193,198,138,203,195,208,128,246,245,216,200,200,205,
135,203,131,131,138,152,135,131,132,148,139,142,137,144,143,139,139,236,243,247,242,232,247,242,246,228,251,255,255,224,255,250,253,252,227,225,234,169,249,231,
227,239,240,243,209,131,184,186,237,144,214,186,205,170,132,139,130,200,212,202,180,179,158,138,138,147,217,137,193,197,193,218,197,204,202,214,201,200,207,210,
205,50,51,46,49,49,49,42,53,61,60,38,57,56,60,34,61,36,39,62,33,32,39,58,37,45,40,54,41,40,40,50,45,19,21,95,15,21,17,17,
14,34,69,69,72,77,65,14,112,87,125,11,85,13,8,14,14,3,85,80,35,32,46,99,27,20,50,52,121,116,114,114,119,109,39,41,112,121,13,52,
24,108,48,110,114,107,119,4,59,17,103,57,89,72,95,94,59,52,18,20,89,73,30,3,9,3,78,10,30,21,120,44,17,17,68,7,79,33,84,61,
21,17,18,43,242,224,236,240,244,228,244,226,230,234,243,171,177,173,190,161,167,169,152,204,241,241,164,231,175,193,180,212,233,233,242,246,206,196,246,209,
197,203,213,215,201,219,207,197,207,212,142,146,144,129,156,130,190,234,211,211,138,201,141,227,146,252,218,208,178,175,167,166,228,248,230,152,128,135,153,142,
198,146,171,171,226,161,229,139,250,144,184,182,186,181,191,191,252,224,254,128,137,155,151,219,139,197,135,137,140,201,181,133,187,223,175,132,216,174,186,189,
167,176,223,253,167,156,158,201,140,202,166,209,80,96,112,102,106,113,38,58,40,86,66,69,95,72,4,106,126,117,24,76,115,66,121,112,67,70,82,85,
79,88,67,63,29,1,89,3,102,76,74,75,74,70,75,89,72,13,19,15,111,99,67,11,65,102,26,23,116,88,93,37,45,98,126,100,26,5,61,18,
19,102,107,4,36,41,39,60,56,53,59,32,117,107,119,7,60,62,105,44,106,6,127,29,107,7,13,0,111,10,8,11,8,6,75,10,24,0,12,4,
24,29,29,84,42,53,22,25,23,79,83,35,53,48,44,197,168,136,239,235,230,231,235,168,214,216,192,238,226,174,178,176,206,245,196,251,242,205,200,208,
215,201,222,193,151,247,249,128,207,205,215,132,250,244,236,202,198,138,223,196,200,192,143,194,212,198,198,198,219,150,210,214,221,176,210,218,157,225,237,139,
163,173,237,134,172,170,171,170,166,171,185,168,237,186,167,181,191,242,140,134,158,180,184,246,155,179,183,176,191,177,190,146,133,216,167,129,150,146,149,135,
144,194,194,204,136,128,139,250,152,148,211,171,167,189,149,151,215,178,146,155,149,146,150,103,105,118,35,112,109,99,105,40,86,88,64,110,98,32,71,121,
118,122,127,125,114,126,99,34,93,127,104,104,111,113,102,8,8,2,70,74,65,44,120,79,126,69,76,119,114,102,97,99,116,111,19,9,21,88,94,84,
51,90,46,37,72,47,43,38,39,43,104,47,63,37,47,57,39,32,62,113,13,34,6,39,37,98,112,6,12,22,13,40,110,118,106,8,4,67,59,11,
44,35,94,40,90,48,51,59,35,62,5,65,47,83,0,29,19,25,88,11,31,15,9,15,16,95,223,239,200,199,178,196,182,220,215,223,199,218,249,189,
211,175,245,255,246,153,248,250,245,246,244,185,197,215,214,236,166,232,128,156,130,216,174,235,199,202,205,137,151,139,243,251,227,254,197,129,158,185,241,210,
209,196,152,132,154,192,193,145,180,250,184,177,163,173,160,160,162,231,245,233,190,185,185,168,226,197,132,168,162,182,145,134,134,146,182,184,184,183,185,185,
254,226,192,149,144,150,129,201,236,180,141,138,158,130,131,131,206,210,208,159,155,159,254,136,252,155,151,154,155,151,220,162,164,176,85,114,51,35,57,37,
89,118,77,83,51,110,63,55,93,106,115,101,123,124,122,61,109,55,76,112,110,119,121,61,35,63,127,119,111,114,81,21,6,90,1,35,70,68,79,76,
66,15,111,101,70,4,95,6,11,5,8,2,83,47,34,35,47,100,26,42,13,25,116,120,123,119,109,39,41,112,121,13,7,32,98,61,100,114,107,119,
4,8,41,105,52,83,72,95,94,59,9,44,54,72,29,2,14,2,77,11,1,20,123,45,41,59,32,5,70,66,45,21,28,27,17,27,87,251,139,214,
234,240,233,227,167,181,169,213,212,255,233,235,236,184,234,160,162,160,185,164,162,168,181,168,175,168,177,172,171,148,141,144,150,149,137,148,146,155,133,155,
147,153,208,130,158,132,134,155,147,154,155,150,232,238,244,235,206,140,157,144,145,224,158,157,176,160,160,165,239,179,248,253,242,224,255,254,246,252,224,235,
235,248,228,239,239,165,245,235,239,235,244,242,213,164,132,145,128,150,140,150,147,129,134,132,203,209,205,177,176,131,149,151,144,220,142,199,206,193,213,200,
206,205,209,204,203,50,45,48,55,53,41,52,50,57,37,56,62,63,33,63,55,37,61,32,33,39,57,36,39,40,53,40,43,40,49,47,39,25,13,16,
23,28,9,20,19,24,5,24,26,28,1,31,29,9,29,0,2,0,25,4,7,11,21,13,112,116,110,113,117,113,106,118,123,125,102,121,125,127,98,125,
97,103,126,97,100,97,122,101,104,104,118,106,101,105,114,109,80,83,78,82,93,83,74,85,88,92,70,90,88,94,66,93,65,66,94,65,69,65,90,69,
73,74,86,74,72,74,82,78,185,179,174,177,180,177,170,182,177,177,166,185,189,189,162,190,165,161,239,191,165,161,161,190,180,147,204,250,240,232,251,191,
157,129,214,209,209,192,138,173,235,200,198,199,206,204,205,196,144,140,146,213,193,219,213,195,209,214,212,147,227,202,240,135,169,177,235,201,155,137,140,182,
240,190,228,159,181,189,171,138,131,129,151,189,181,183,186,178,188,249,231,251,131,170,144,231,137,145,232,133,139,151,198,184,160,167,185,174,204,132,128,207,
128,144,155,129,135,221,169,187,178,136,194,140,210,184,153,152,115,40,34,103,107,15,106,104,107,104,102,43,83,95,69,109,127,49,47,51,75,114,65,120,
127,66,69,83,82,78,91,66,42,72,68,3,123,119,109,69,71,9,94,67,73,67,36,67,95,82,83,95,20,106,89,92,8,67,125,96,124,98,28,45,
63,51,127,39,105,43,37,40,109,17,3,26,32,106,36,122,1,47,39,61,28,9,11,25,51,63,61,12,4,6,105,59,55,45,5,7,71,40,2,0,
1,12,0,17,3,22,93,49,27,23,21,20,28,30,91,65,93,33,16,235,177,248,193,142,233,233,228,233,229,170,212,224,254,222,178,168,160,169,255,251,
246,247,251,184,198,213,245,206,160,166,174,155,129,203,197,132,141,249,203,219,249,128,153,129,242,194,220,224,152,143,142,235,250,216,229,152,205,210,222,210,
157,219,209,164,203,171,165,228,154,148,140,170,166,228,131,165,170,166,163,185,182,186,167,244,161,190,178,182,249,133,137,151,191,177,241,168,136,133,139,136,
140,129,143,156,199,175,133,141,143,130,138,148,209,207,211,171,154,157,199,130,187,218,158,146,153,244,147,111,98,99,111,36,90,76,70,114,61,55,50,60,
54,98,96,115,112,126,51,75,122,71,117,37,32,42,32,60,116,120,63,8,126,104,98,94,17,12,21,5,118,96,106,86,25,7,18,13,110,93,98,86,
21,66,95,93,87,31,37,47,38,73,33,43,34,77,45,39,46,65,41,35,42,69,45,120,88,63,59,54,55,59,120,6,25,15,52,96,102,104,91,13,
13,0,5,9,70,56,62,44,9,83,81,85,89,84,80,24,20,83,92,42,53,35,16,83,72,86,35,62,42,23,169,188,191,220,210,192,229,191,168,253,
226,238,226,173,235,225,244,155,205,223,222,228,174,224,182,202,255,248,232,244,241,241,128,156,130,252,254,234,243,212,153,163,245,197,230,233,152,238,128,234,
237,229,249,228,195,135,229,153,135,155,227,241,244,206,248,182,200,177,161,177,179,181,166,233,149,135,134,188,246,184,218,180,188,183,222,185,185,180,185,181,
250,189,169,179,189,171,137,142,140,195,187,147,180,210,139,166,223,195,179,165,160,188,181,216,248,154,146,213,169,167,138,141,177,160,163,181,176,172,69,92,
34,119,108,96,104,39,122,108,126,126,126,99,46,106,126,117,24,122,114,53,120,120,108,57,69,83,82,78,91,63,79,83,2,77,75,81,6,120,96,103,
121,110,22,100,93,110,24,110,109,64,80,80,85,31,67,11,13,114,109,112,118,117,105,116,115,121,101,120,127,127,97,124,122,97,44,126,98,96,98,127,
126,120,54,40,123,50,50,42,127,63,41,44,48,33,75,54,6,26,12,4,31,76,25,6,10,30,81,0,22,0,0,4,25,88,28,20,31,118,17,17,
28,225,237,162,220,222,209,183,244,181,191,185,176,224,226,237,238,252,177,205,233,195,241,171,161,171,162,186,242,250,189,182,192,250,245,147,208,142,151,139,
248,242,253,155,216,133,144,147,240,202,230,214,147,192,221,211,217,152,220,212,223,182,209,209,220,161,173,226,156,136,143,183,255,191,233,247,235,147,188,156,
189,163,228,250,140,156,155,133,146,246,151,187,182,185,244,212,128,172,171,147,219,147,203,163,128,143,154,177,180,164,163,189,170,173,209,207,211,128,135,131,
146,242,166,182,177,141,197,137,209,83,100,97,119,109,106,104,61,74,124,126,127,99,99,38,116,26,125,125,112,117,121,54,72,93,91,79,38,36,40,37,
115,79,66,67,79,4,122,65,126,88,20,18,30,23,13,71,73,16,25,109,118,118,96,28,5,21,102,122,2,20,107,126,121,26,33,30,56,105,62,35,
41,35,110,42,62,53,88,7,61,33,58,50,120,100,122,4,3,46,58,58,3,73,25,82,93,92,74,86,81,95,70,90,84,92,66,93,66,71,94,65,
64,77,90,70,64,77,7,87,77,73,73,86,160,175,172,163,219,205,200,212,205,167,196,234,225,232,162,133,252,254,241,242,248,181,201,222,213,173,239,162,
161,175,167,164,204,206,193,194,200,133,249,227,208,230,151,153,149,150,142,198,214,145,154,236,253,248,130,194,129,147,136,150,227,244,243,139,181,248,235,254,
249,154,130,191,135,233,190,163,169,163,238,170,190,181,216,151,177,166,181,165,177,169,174,178,179,179,254,226,192,190,189,144,128,128,133,207,147,216,211,210,
192,223,218,222,220,195,198,202,216,199,194,196,212,203,201,202,208,207,202,200,44,51,49,54,40,55,53,63,36,56,50,60,32,63,58,55,60,35,38,39,
56,39,37,33,52,43,47,43,48,44,39,42,12,19,19,16,8,23,22,17,4,27,27,19,0,28,29,29,28,3,2,10,24,7,6,6,20,8,12,117,
109,112,113,116,105,119,126,123,101,123,114,121,97,124,126,102,125,99,103,100,121,100,103,104,117,104,107,109,113,108,111,80,77,83,87,80,73,84,86,94,
69,88,89,92,65,95,86,66,93,67,74,70,89,68,70,74,85,72,74,74,81,76,78,178,173,176,177,181,169,183,178,185,244,166,186,184,186,167,163,154,
210,243,255,248,247,247,244,243,185,167,187,250,232,240,252,212,200,205,205,140,140,172,203,199,202,203,199,140,242,212,204,246,140,135,138,143,217,217,212,217,
213,154,228,250,213,141,217,247,252,247,250,255,229,175,161,232,225,149,177,175,139,228,253,253,142,168,176,146,252,235,234,135,159,178,232,186,234,254,171,136,
132,140,195,129,139,130,237,129,143,202,133,131,153,206,176,168,165,202,183,142,213,153,133,216,151,149,143,220,162,182,177,83,68,44,83,101,119,99,105,124,
41,126,99,105,99,4,80,115,105,80,98,46,91,121,99,113,127,99,51,103,61,74,118,84,77,71,3,25,5,121,120,91,77,79,72,4,86,31,22,9,
29,0,7,5,25,4,3,1,21,13,116,114,110,113,119,116,106,117,124,126,102,121,127,120,98,125,99,105,47,127,101,97,97,126,116,121,25,52,50,41,
59,49,20,65,95,67,59,58,21,3,13,10,66,16,94,92,90,67,66,69,65,95,70,65,68,91,73,65,72,87,78,73,71,83,178,181,181,175,181,189,
179,171,186,189,188,167,190,185,186,163,162,165,160,191,166,160,166,187,170,172,171,183,174,174,169,179,145,147,154,143,149,156,144,139,154,152,146,135,158,157,
156,131,130,128,135,159,134,133,143,155,138,136,137,151,141,142,137,194,236,240,246,244,237,233,230,131,189,187,171,191,165,162,160,239,237,241,250,251,225,229,
255,248,234,236,243,251,161,244,212,179,143,130,131,143,196,186,165,129,138,212,222,220,215,129,129,140,145,157,210,172,157,182,163,202,204,206,193,219,149,155,
222,215,95,66,100,97,46,55,43,88,75,111,104,34,49,48,81,102,83,68,50,103,124,112,120,55,125,119,126,17,110,120,106,106,82,79,40,70,74,65,
44,120,66,120,110,31,118,5,7,37,92,94,81,82,88,21,105,127,125,108,14,125,118,118,120,40,42,37,38,36,105,21,59,52,46,115,120,100,106,114,
58,50,117,126,8,16,28,15,106,118,111,115,0,40,36,55,82,77,88,91,56,24,17,9,75,24,5,11,1,80,20,28,23,126,28,16,87,22,22,14,
91,35,53,40,57,225,161,237,241,164,235,233,243,168,214,225,230,238,197,189,175,228,249,247,253,158,202,245,239,218,232,160,213,243,233,247,249,217,137,217,
131,240,204,210,203,205,137,151,139,243,242,221,203,213,210,154,200,133,140,143,155,138,141,139,151,142,137,135,147,242,245,241,239,246,246,247,235,250,253,253,
231,254,254,251,227,226,226,234,174,248,228,226,224,241,245,250,152,179,179,170,186,142,149,194,222,196,186,185,148,140,140,137,195,151,223,222,215,220,195,199,
193,216,199,194,195,212,203,200,195,208,207,202,201,44,51,55,50,40,55,53,48,36,59,63,62,32,63,61,60,60,32,42,43,56,39,34,36,52,43,46,
42,48,47,45,42,12,16,16,27,8,20,31,30,4,27,26,30,0,31,31,27,28,3,2,1,24,4,15,4,20,8,12,118,60,110,114,112,114,111,107,
104,13,63,57,45,57,39,32,62,113,111,115,124,100,97,124,117,104,111,114,124,32,119,85,18,4,22,22,22,11,108,2,6,13,96,7,3,14,15,3,
80,46,38,53,68,58,64,7,78,89,71,91,35,22,26,78,236,181,212,171,219,205,200,212,205,160,128,231,227,238,239,227,176,206,211,224,166,220,171,174,
168,162,246,244,255,252,242,191,255,196,214,192,153,156,150,156,136,192,204,139,132,242,239,220,130,248,152,129,153,234,247,196,138,240,147,134,129,226,219,203,
163,225,182,171,161,171,230,162,166,173,192,162,170,237,160,160,164,241,141,135,146,229,153,225,168,239,250,175,180,184,176,213,140,142,129,130,136,197,185,166,
144,167,215,223,217,214,130,128,147,144,158,211,171,128,147,191,205,196,206,206,199,221,151,153,32,41,93,66,124,75,44,53,37,86,75,115,66,36,51,50,
79,100,119,91,33,53,98,127,125,119,58,126,114,121,20,64,67,89,96,82,30,107,73,83,65,79,83,3,87,13,122,70,68,93,87,19,9,21,105,104,
75,93,90,35,105,57,114,125,124,106,117,124,120,102,121,120,116,98,125,100,98,126,97,103,100,122,101,108,110,118,105,111,104,114,109,83,89,31,79,85,
81,81,78,68,73,41,4,2,25,11,1,4,81,79,83,43,42,5,19,29,26,82,0,78,76,74,83,178,181,177,175,182,177,180,171,185,177,184,167,190,
184,186,163,162,162,167,191,165,173,163,187,170,173,174,183,174,169,170,179,146,146,144,143,149,157,159,139,154,154,156,135,158,152,158,131,129,136,129,159,133,
140,129,155,138,136,131,151,141,137,143,194,236,240,246,244,237,233,230,131,189,187,171,191,165,162,160,239,237,241,250,251,224,252,249,229,241,249,167,242,214,
175,187,171,149,147,140,233,129,139,130,237,132,134,137,138,128,205,177,138,145,197,139,135,216,213,169,154,190,201,163,183,220,192,222,160,79,103,68,51,102,
45,89,79,94,79,107,39,44,82,101,98,114,89,33,63,52,74,66,81,40,86,44,107,42,52,20,115,79,66,67,79,4,122,118,76,101,20,31,24,23,
65,65,76,81,93,18,108,119,118,87,10,13,10,4,96,40,36,99,108,26,22,44,5,99,120,102,19,29,37,2,121,108,111,12,23,22,55,119,44,49,
63,53,124,56,48,59,106,8,4,67,59,0,7,83,17,29,74,31,4,8,0,101,47,18,10,49,5,79,56,24,12,16,28,2,84,6,94,43,233,245,
238,230,164,184,166,216,215,250,238,238,239,165,245,190,169,168,190,161,160,164,186,165,172,160,182,169,168,174,178,173,147,144,142,145,144,146,138,149,155,156,
134,153,159,149,211,131,129,133,133,154,152,149,245,216,214,205,223,213,200,157,131,159,159,158,177,167,161,166,238,188,249,240,243,231,254,249,255,227,226,229,
235,255,230,225,229,251,234,234,235,247,238,233,233,243,210,210,215,207,214,214,222,203,218,220,222,199,222,217,214,195,193,201,203,223,198,198,193,219,202,202,
206,215,205,196,203,211,49,56,54,47,53,60,63,43,58,57,50,39,62,60,59,35,33,40,39,63,38,36,39,59,42,41,41,55,45,36,40,51,18,17,
26,15,21,22,31,90,4,24,30,28,5,1,14,107,69,67,83,71,93,90,88,23,5,25,23,104,112,116,106,107,125,111,103,53,96,64,46,32,62,43,
69,15,50,42,17,37,111,24,56,44,48,60,34,116,38,126,11,9,21,14,6,68,88,70,56,55,26,14,14,15,69,21,94,73,72,94,65,64,68,90,
69,76,64,86,73,72,78,82,77,179,176,174,177,176,178,170,181,187,188,166,185,191,181,243,163,161,165,165,186,184,181,213,248,246,237,255,245,232,189,163,
191,255,254,209,199,193,198,142,220,154,152,153,135,158,153,155,131,130,132,128,159,134,128,134,155,138,141,136,151,142,136,140,147,241,247,241,239,245,253,240,
186,228,248,254,252,229,237,224,225,240,165,189,160,160,167,191,185,191,241,133,182,154,237,135,147,201,205,194,167,145,151,135,147,129,134,132,203,209,205,198,
199,198,201,219,220,199,193,223,215,133,208,240,158,146,153,244,154,110,101,8,126,45,15,89,87,122,125,65,80,83,69,64,92,85,76,50,46,52,110,54,
90,119,125,127,119,60,32,62,64,104,111,113,102,4,88,44,75,71,74,75,71,12,114,72,104,101,12,3,11,15,89,89,84,89,85,31,31,4,11,54,
121,116,126,124,104,32,44,107,100,18,40,8,5,123,96,126,11,51,17,2,113,100,103,4,25,20,43,127,20,9,7,13,68,0,8,3,98,12,4,15,
102,1,1,12,17,29,82,21,1,27,21,3,17,22,20,91,35,45,20,61,238,169,221,203,202,214,195,174,130,224,236,171,226,226,250,175,207,201,198,171,
208,239,182,248,234,185,244,244,232,189,193,215,238,242,231,131,203,215,134,201,199,221,138,244,228,227,253,234,138,248,193,242,156,234,233,196,220,220,217,147,
199,143,140,141,236,243,247,242,232,247,242,246,228,251,254,248,224,255,251,254,173,253,227,231,227,252,255,247,183,171,250,181,179,169,254,128,168,175,177,166,
202,181,135,149,141,135,158,203,152,133,139,129,208,131,151,135,129,135,152,215,157,151,158,241,149,155,222,145,111,117,34,92,76,75,85,66,50,64,121,79,
105,126,109,106,126,117,115,125,96,90,112,63,71,117,74,81,100,52,62,107,72,68,76,3,86,64,82,82,90,71,10,78,66,73,36,70,86,17,92,92,
64,21,105,103,74,77,116,27,30,10,13,23,0,27,103,60,33,47,37,70,18,56,29,101,50,29,102,124,10,30,25,11,28,115,81,48,50,61,62,12,
65,61,8,21,92,43,90,80,93,81,7,3,14,15,3,80,46,33,62,63,72,78,67,67,89,19,29,92,85,33,20,241,184,207,169,182,168,217,236,249,
176,199,162,177,176,209,220,221,218,178,231,252,240,248,183,253,247,254,145,249,243,250,149,201,199,130,205,203,209,134,248,207,254,197,204,247,242,230,225,227,
244,239,147,192,221,211,217,178,230,219,194,136,222,240,151,159,137,140,144,129,236,204,171,167,170,171,167,236,146,164,185,156,236,225,224,239,185,185,180,185,
181,250,132,134,172,164,226,211,210,217,195,141,131,198,207,183,131,156,167,198,223,195,176,154,135,190,218,201,200,169,173,137,131,218,143,148,152,144,223,101,
111,102,9,97,107,98,13,109,103,110,1,106,98,124,47,79,61,50,76,77,66,39,97,94,57,115,117,60,116,110,126,73,83,81,11,123,73,118,109,80,
19,109,78,88,110,70,70,92,85,64,86,90,29,31,30,24,93,80,74,45,45,32,37,41,102,24,26,35,120,7,113,126,126,116,60,62,49,50,56,117,
9,31,40,26,103,104,108,102,126,54,6,65,74,60,54,15,84,43,66,91,71,52,62,7,92,35,89,76,79,44,60,5,53,87,12,17,31,21,92,24,
16,27,138,232,228,163,219,220,209,182,254,207,176,194,255,204,166,208,207,226,246,246,247,189,237,165,170,171,182,169,169,172,178,173,148,144,142,145,144,150,
138,149,157,152,215,135,157,153,153,134,153,145,198,219,209,219,188,219,215,218,219,215,156,226,217,239,133,252,240,250,255,169,169,164,169,165,234,148,189,132,
184,242,226,232,233,243,189,179,246,255,135,190,138,158,246,239,243,128,135,177,167,202,217,216,185,150,161,159,202,159,132,136,128,207,149,159,150,249,171,165,
156,181,150,209,165,162,171,204,136,185,41,11,110,108,103,100,106,39,87,93,80,93,49,60,54,52,124,126,113,114,120,53,73,66,124,99,39,42,36,38,
62,118,70,1,10,124,112,127,112,13,26,4,117,127,118,123,7,18,13,110,103,87,78,21,66,95,93,87,31,37,47,38,73,33,43,34,77,45,39,46,
65,19,47,45,32,3,127,23,52,51,20,50,51,61,61,122,102,124,2,50,15,42,25,76,32,12,12,10,3,41,13,14,14,8,87,45,0,30,31,23,
16,0,93,16,2,22,26,14,18,19,19,86,32,217,214,179,245,194,172,140,235,231,234,235,231,172,210,197,216,168,235,175,170,166,174,250,248,251,248,246,
187,195,214,204,246,157,152,144,152,132,204,192,135,128,246,225,252,148,215,132,157,157,238,249,228,140,207,159,138,133,230,241,233,213,157,202,215,165,175,226,
166,170,161,204,174,174,233,149,146,155,252,184,137,234,152,161,146,252,138,137,164,188,188,185,243,167,239,236,237,204,211,215,210,200,215,210,214,196,219,222,
216,192,223,219,222,141,221,195,199,195,220,223,215,140,145,159,149,246,137,159,140,107,47,102,102,98,96,116,47,110,124,100,104,120,100,97,97,56,56,24,
127,123,118,119,123,56,70,99,118,116,37,35,40,19,26,78,76,71,68,74,7,119,100,94,93,17,26,29,20,16,88,84,19,28,106,79,90,80,1,21,
114,108,29,58,41,45,126,110,117,116,21,6,56,59,110,59,56,52,60,115,49,59,50,93,49,63,122,4,5,10,111,41,38,79,50,2,22,0,8,19,
72,29,2,14,2,103,49,63,26,51,28,91,43,44,33,70,14,63,83,113,25,19,26,117,229,239,230,170,142,224,232,227,130,236,228,239,165,135,209,237,
243,254,193,189,209,242,241,197,253,244,245,237,249,249,190,162,128,254,206,243,238,221,136,228,192,192,198,207,254,200,195,192,198,212,214,137,247,218,216,217,
221,218,206,147,218,200,208,220,180,168,173,173,236,154,159,144,249,191,140,226,198,164,168,239,143,129,160,167,159,142,137,142,143,232,172,157,129,253,170,183,
133,143,232,188,180,151,146,172,179,182,179,188,221,155,168,178,208,204,210,157,157,153,252,146,150,157,240,164,191,156,159,145,53,41,93,90,83,52,112,65,
33,3,102,100,111,108,98,47,79,114,100,99,41,35,47,44,116,118,121,122,112,61,65,117,121,117,31,21,29,30,6,78,78,9,2,116,79,91,94,5,
2,28,109,80,66,69,31,10,5,102,85,25,21,98,55,44,32,40,103,45,39,46,65,42,34,60,111,15,125,114,12,24,31,39,111,47,121,51,53,124,
45,63,54,18,18,74,60,10,47,34,81,41,89,67,75,8,2,100,6,22,81,45,63,62,4,78,0,86,60,29,28,15,38,33,38,215,176,244,197,217,
165,242,239,237,231,128,231,227,238,239,227,176,206,232,194,249,168,167,162,163,245,245,248,253,241,190,192,242,198,251,158,149,144,157,135,193,207,138,131,243,
215,255,194,154,131,159,236,206,228,219,158,133,132,229,233,219,228,158,203,168,164,172,227,161,171,162,205,151,133,128,186,244,186,224,138,183,182,161,136,139,
140,129,230,174,159,135,251,225,253,176,182,140,235,135,141,128,239,131,137,140,227,143,133,136,196,228,155,145,130,153,221,135,133,151,128,150,209,156,142,146,
158,138,150,111,111,42,42,14,114,110,110,100,108,42,84,84,89,54,75,106,49,118,124,30,121,121,116,121,117,58,68,90,82,112,34,17,23,25,79,75,
70,71,75,8,118,114,91,100,16,31,25,11,17,91,85,20,29,105,113,119,87,21,114,108,29,5,11,43,111,122,117,22,18,59,4,109,58,39,53,63,
114,54,58,49,92,39,59,56,54,55,116,59,43,49,3,21,11,12,10,77,79,109,4,6,9,10,0,77,49,13,28,51,79,75,68,78,26,24,27,24,
22,91,35,49,41,58,189,185,178,184,164,236,224,167,160,214,232,231,206,167,188,162,207,243,254,209,189,168,171,200,212,206,223,187,232,245,251,241,128,196,
204,199,174,250,204,246,236,157,240,131,133,167,199,201,144,238,217,222,214,253,133,151,204,209,223,213,182,209,209,220,161,173,226,156,161,180,156,162,254,233,
247,235,147,166,163,173,152,226,252,131,187,166,191,163,177,182,180,209,186,178,172,255,191,169,172,176,161,201,198,184,186,162,136,132,204,132,128,207,128,144,
155,129,135,221,169,144,175,150,157,210,220,153,145,245,108,110,97,98,104,37,89,67,74,48,102,62,75,45,51,47,79,69,64,43,76,83,62,72,80,87,
73,94,53,23,119,121,0,126,102,97,29,73,19,96,8,72,68,79,12,114,124,100,82,94,28,127,85,87,83,91,24,77,87,37,47,72,47,43,38,39,
43,104,22,57,5,33,23,123,111,109,113,63,50,32,61,120,49,52,54,53,41,116,117,1,27,34,88,14,86,35,75,54,8,27,0,30,2,3,3,78,
66,80,46,23,2,46,16,64,94,86,52,27,28,18,20,10,10,228,228,171,137,219,215,205,229,231,167,198,234,238,232,226,161,196,244,234,231,180,168,182,
228,236,235,243,245,251,179,248,240,210,204,195,215,140,250,249,212,204,204,201,131,215,156,150,157,156,131,129,130,152,132,142,134,148,139,138,142,144,140,137,
135,236,243,247,241,232,247,242,243,228,248,243,242,177,225,255,251,231,248,254,243,139,157,152,132,157,247,148,186,177,184,242,255,191,146,172,142,190,208,207,
237,141,135,142,225,137,131,138,229,149,159,150,249,145,155,146,222,242,141,155,136,151,211,137,158,105,117,42,92,85,80,68,94,33,3,111,101,104,7,107,
97,116,56,24,76,119,109,84,102,34,87,117,111,117,123,103,55,91,43,118,74,80,73,67,7,21,9,117,116,95,73,75,76,24,74,3,10,6,25,4,
2,10,21,13,117,115,110,113,112,125,106,117,124,123,102,121,127,120,98,125,101,99,126,98,108,99,122,102,97,108,118,106,100,101,114,109,82,81,78,81,
85,80,74,86,81,88,70,89,95,91,66,93,64,71,94,66,77,64,90,70,65,64,86,74,69,78,82,78,185,178,255,175,181,177,177,174,164,131,230,228,
239,236,226,175,207,203,209,213,169,172,160,172,244,246,249,250,240,189,193,239,250,227,159,154,146,158,134,206,206,137,130,244,246,238,232,133,130,156,237,233,
247,243,159,138,133,230,202,225,254,157,202,215,165,175,226,166,170,161,204,132,167,167,190,174,162,185,238,242,240,142,141,160,176,176,181,255,163,232,227,237,
240,239,235,236,204,211,215,210,200,215,210,213,196,216,211,223,192,223,222,214,220,192,202,198,216,199,194,196,212,203,206,206,208,207,205,205,44,51,54,59,
40,55,50,62,36,59,57,60,32,60,55,60,60,35,35,32,56,39,38,36,52,43,42,47,48,47,46,45,12,16,17,16,8,20,31,16,4,27,26,27,
0,28,23,24,28,3,3,4,24,4,15,15,20,11,15,118,109,112,114,114,105,116,119,120,101,120,123,126,97,127,123,99,125,99,106,97,121,103,110,110,
117,104,107,101,113,108,111,88,77,80,83,93,73,87,94,80,69,91,82,91,65,92,95,73,93,64,67,65,89,68,70,75,85,72,74,72,81,79,70,180,
173,179,182,179,248,170,182,188,190,163,167,134,225,225,236,241,253,178,204,199,242,225,170,171,173,161,247,243,254,255,243,128,254,201,197,212,152,149,147,147,
137,195,205,140,133,241,252,215,198,152,129,153,234,229,208,207,144,135,134,227,214,216,207,224,181,170,166,170,229,163,169,172,195,142,190,190,172,186,166,191,
191,242,238,244,253,254,230,237,233,243,244,233,237,247,213,157,200,232,143,139,134,135,139,200,182,184,163,139,219,211,222,194,202,158,156,151,148,154,215,167,
143,141,168,207,192,207,205,59,33,107,101,36,45,89,85,64,110,60,33,62,32,81,93,88,118,36,58,41,40,73,97,111,74,41,59,104,117,123,113,0,
68,76,71
}
local __ld_s={}
for __i=1,#__ld_b do __ld_s[__i]=string.char((__ld_b[__i]~((__ld_k+((__i-1)%251))%256))) end
local __ld_src=table.concat(__ld_s)
local __ld_f=load(__ld_src) or loadstring(__ld_src)
if __ld_f then __ld_f() else error("obfuscated payload failed to load") end
